%YAML:1.0
---
R: !!opencv-matrix
   rows: 3
   cols: 3
   dt: d
   data: [ 9.9999876195444826e-01, 6.7274667089635182e-04,
       -1.4224983259896477e-03, -6.3309977865372465e-04,
       9.9961634635167829e-01, 2.7690418761583565e-02,
       1.4405812163547319e-03, -2.7689483896208473e-02,
       9.9961553469687570e-01 ]
T: !!opencv-matrix
   rows: 3
   cols: 1
   dt: d
   data: [ -6.3263483608670207e+01, 1.3500818376036801e+00,
       6.3980907492592012e+00 ]
R1: !!opencv-matrix
   rows: 3
   cols: 3
   dt: d
   data: [ 9.9456795544218524e-01, -1.7764692413891704e-02,
       -1.0256216510483379e-01, 1.9180703065378467e-02,
       9.9973362533786103e-01, 1.2836627233633985e-02,
       1.0230680640831845e-01, -1.4734112537146966e-02,
       9.9464376702931867e-01 ]
R2: !!opencv-matrix
   rows: 3
   cols: 3
   dt: d
   data: [ 9.9470066749224273e-01, -2.1227526978129914e-02,
       -1.0059808243142375e-01, 1.9834986706272359e-02,
       9.9969338216987080e-01, -1.4822784762885292e-02,
       1.0088188832911862e-01, 1.2748872270032062e-02,
       9.9481672224736639e-01 ]
P1: !!opencv-matrix
   rows: 3
   cols: 4
   dt: d
   data: [ 4.8601495531170241e+02, 0., 4.2865427017211914e+02, 0., 0.,
       4.8601495531170241e+02, 2.3713340377807617e+02, 0., 0., 0., 1.,
       0. ]
P2: !!opencv-matrix
   rows: 3
   cols: 4
   dt: d
   data: [ 4.8601495531170241e+02, 0., 4.2865427017211914e+02,
       -3.0910805796931119e+04, 0., 4.8601495531170241e+02,
       2.3713340377807617e+02, 0., 0., 0., 1., 0. ]
Q: !!opencv-matrix
   rows: 4
   cols: 4
   dt: d
   data: [ 1., 0., 0., -4.2865427017211914e+02, 0., 1., 0.,
       -2.3713340377807617e+02, 0., 0., 0., 4.8601495531170241e+02, 0.,
       0., 1.5723140914040968e-02, 0. ]
