%YAML:1.0
---
M1: !!opencv-matrix
   rows: 3
   cols: 3
   dt: d
   data: [ 5.7540631132102487e+02, 0., 3.1995680935724994e+02, 0.,
       7.6938969539953212e+02, 2.3345033143621427e+02, 0., 0., 1. ]
D1: !!opencv-matrix
   rows: 1
   cols: 14
   dt: d
   data: [ -6.6872124134149225e-02, 6.6537021225590950e-02, 0., 0., 0.,
       0., 0., -1.6302558966744396e-01, 0., 0., 0., 0., 0., 0. ]
M2: !!opencv-matrix
   rows: 3
   cols: 3
   dt: d
   data: [ 5.7540631132102487e+02, 0., 3.3447600401394658e+02, 0.,
       7.6938969539953212e+02, 2.3810347092022218e+02, 0., 0., 1. ]
D2: !!opencv-matrix
   rows: 1
   cols: 14
   dt: d
   data: [ -9.8284737648015472e-02, 4.2437465974123019e-02, 0., 0., 0.,
       0., 0., -1.6867446322404782e+00, 0., 0., 0., 0., 0., 0. ]
